      0  3.7138 5.11196 2.66146 4.45732 3.62195 4.99305 2.51682  4.4063
 3.7138       0 4.52522 2.68419 4.32792 4.95576 2.56909 4.34835 2.50951
5.11196 4.52522       0 4.98105 2.45668 2.46403 2.55043 4.24047 3.66289
2.66146 2.68419 4.98105       0 3.50433 4.31844 4.09055 2.38269 2.42329
4.45732 4.32792 2.45668 3.50433       0 2.46675 3.25757 2.58427 2.46096
3.62195 4.95576 2.46403 4.31844 2.46675       0 4.16944 2.60213 4.24467
4.99305 2.56909 2.55043 4.09055 3.25757 4.16944       0 4.69442 2.33761
2.51682 4.34835 4.24047 2.38269 2.58427 2.60213 4.69442       0 3.45953
 4.4063 2.50951 3.66289 2.42329 2.46096 4.24467 2.33761 3.45953       0