      0 2.50079 4.16807 2.55119 3.45399 5.05159 2.54542  3.4389 4.22215
2.50079       0 2.41042 3.69253 2.61983 4.42944 4.48833   2.495 4.27544
4.16807 2.41042       0  4.4007 2.54046  2.5324 5.04746 2.48261 3.45622
2.55119 3.69253  4.4007       0 4.91858 4.56524 2.51276 2.54922 2.51659
3.45399 2.61983 2.54046 4.91858       0 3.59636 4.39874  4.1466 4.75665
5.05159 4.42944  2.5324 4.56524 3.59636       0 4.57185 3.60651 2.60544
2.54542 4.48833 5.04746 2.51276 4.39874 4.57185       0 4.34028 3.57733
 3.4389   2.495 2.48261 2.54922  4.1466 3.60651 4.34028       0  2.3755
4.22215 4.27544 3.45622 2.51659 4.75665 2.60544 3.57733  2.3755       0